# list of object assets to load in this scene
[ASSETS]
resources/objects/mario.txt
resources/objects/brick.txt
resources/objects/coin.txt
resources/objects/goomba.txt
resources/objects/ground.txt
resources/objects/rectangle.txt
resources/objects/wood.txt
resources/objects/waterPipe.txt
resources/objects/flowerFire.txt
resources/objects/fire.txt
resources/objects/brickQuestion.txt
resources/objects/mushroom.txt
resources/objects/leaf.txt
resources/objects/flyGoomba.txt
resources/objects/turtle.txt
resources/objects/brick2.txt
resources/objects/button.txt

[MAPS]
resources/screens/screen1-1/screen1-1_Inf.txt	resources/screens/screen1-1/screen1-1_Matrix.txt	1000000
#

[OBJECTS]
#Wall
17	0	500
17	0	400
17	0	384
17	0	368
17	0	352
17	0	336
17	0	320
17	0	304
17	0	288

#InvisibleWall
16	1100	384
16	1104	384

16	512	368
16	624	368

16	1168	400
16	1552	400
16	2130	368
16	2158	368

#BRICK_QUESTION
12	176	352	1
12	192	352	1
12	224	304	1
12	240	304	2
12	672	384	2
12	720	352	1
12	1520	368	2

#FLOWER_FIRE
10	360	376	1
10	1912	376	2
10	1848	392	3

# WATER_PIPE
9	352	368	2
9	1840	384	1
9	1904	368	3
9	2304	112	11
9	2304	368	2
9	2368	384	1

# WOOD
8	1552	336
8	1568	336

8	1616	400
8	1632	400
8	1632	384
8	1648	400
8	1648	384
8	1648	368

8	1712	368
8	1712	384
8	1712	400
8	1728	384
8	1728	400
8	1744	400

8	2304	304
8	2320	304

8	2304	368
8	2320	368


# RECTANGLE
7	240	368	1	3
7	272	336	2	3
7	400	368	3	5
7	464	336	1	4
7	512	304	4	4
7	512	384	3	7
7	1280	384	3	7
7	1312	352	1	7
7	1344	320	2	7
7	1328	144	1	4
7	2192	368	1	3
7	2224	272	3	3
7	1440	192	5	4
7	1520	176	5	14

# GROUND
6	0	416	1
6	16	416	2
6	32	416	2
6	48	416	2
6	64	416	2
6	80	416	2
6	96	416	2
6	112	416	2
6	128	416	2
6	144	416	2
6	160	416	2
6	176	416	2
6	192	416	2
6	208	416	2
6	224	416	2
6	240	416	2
6	256	416	2
6	272	416	2
6	288	416	2
6	304	416	2
6	320	416	2
6	336	416	2
6	352	416	2
6	368	416	2
6	384	416	2
6	400	416	2
6	416	416	2
6	432	416	2
6	448	416	2
6	464	416	2
6	480	416	2
6	496	416	2
6	512	416	2
6	528	416	2
6	544	416	2
6	560	416	2
6	576	416	2
6	592	416	2
6	608	416	2
6	624	416	3
6	640	400	1
6	656	400	2
6	672	400	2
6	688	400	2
6	704	400	2
6	720	400	2
6	736	400	2
6	752	400	2
6	768	400	2
6	784	400	2
6	800	400	2
6	816	400	2
6	832	400	2
6	848	400	2
6	864	400	2
6	880	400	2
6	896	400	2
6	912	400	2
6	928	400	2
6	944	400	2
6	960	400	2
6	976	400	2
6	992	400	2
6	1008	400	2
6	1024	400	2
6	1040	400	2
6	1056	400	2
6	1072	400	2
6	1088	400	3
6	1168	416	1
6	1184	416	2
6	1200	416	2
6	1216	416	2
6	1232	416	2
6	1248	416	2
6	1264	416	2
6	1280	416	2
6	1296	416	2
6	1312	416	2
6	1328	416	2
6	1344	416	2
6	1360	416	2
6	1376	416	2
6	1392	416	2
6	1408	416	2
6	1424	416	2
6	1440	416	2
6	1456	416	2
6	1472	416	2
6	1488	416	2
6	1504	416	2
6	1520	416	2
6	1536	416	3
6	1584	416	1
6	1600	416	2
6	1616	416	2
6	1632	416	2
6	1648	416	3
6	1712	416	1
6	1728	416	2
6	1744	416	2
6	1760	416	2
6	1776	416	2
6	1792	416	2
6	1808	416	2
6	1824	416	2
6	1840	416	2
6	1856	416	2
6	1872	416	2
6	1888	416	2
6	1904	416	2
6	1920	416	2
6	1936	416	2
6	1952	416	2
6	1968	416	2
6	1984	416	2
6	2000	416	2
6	2016	416	2
6	2032	416	2
6	2048	416	2
6	2064	416	2
6	2080	416	2
6	2096	416	2
6	2112	416	2
6	2128	416	2
6	2144	416	2
6	2160	416	2
6	2176	416	2
6	2192	416	2
6	2208	416	2
6	2224	416	2
6	2240	416	2
6	2256	416	2
6	2272	416	3

6	2304	416	1
6	2320	416	2
6	2336	416	2
6	2352	416	2
6	2368	416	2
6	2384	416	2
6	2400	416	2
6	2416	416	2
6	2432	416	2
6	2448	416	2
6	2464	416	2
6	2480	416	2
6	2496	416	2
6	2512	416	2
6	2528	416	2
6	2544	416	2
6	2560	416	2
6	2576	416	2
6	2592	416	2
6	2608	416	2
6	2624	416	2
6	2640	416	2
6	2656	416	2
6	2672	416	2
6	2688	416	2
6	2704	416	2
6	2720	416	2
6	2736	416	2
6	2752	416	2
6	2768	416	2
6	2784	416	2
6	2800	416	2
6	2816	416	2
6	2832	416	2
6	2848	416	3

#COIN
4	1088	320
4	1120	288
4	1152	256
4	1184	224
4	1216	192

4	1376	80
4	1360	80
4	1344	80

4	1504	112
4	1520	112

4	1568	128
4	1584	128
4	1600	128
4	1616	128

4	1648	112
4	1664	112
4	1680	112
4	1696	112

4	1728	144

4	1760	112

4	1792	128

4	1840	96

4	1872	128

#BRICK2
19	2000	400	0
19	2016	400	0
19	2032	400	0
19	2048	400	0
19	2064	400	0
19	2080	400	0
19	2096	400	0

19	2140	400	0
19	2156	400	0

19	2016	384	0
19	2032	384	0
19	2048	384	0
19	2064	384	0
19	2080	384	0

19	2032	368	0
19	2048	368	0
19	2064	368	0
19	2080	368	1

19	2140	384	0

#TURTLE
18	560	336	1	0
18	1530	368	0	0
18	1344	270	0	1
18	1392	270	0	1
18	1440	270	0	1
18	2144	352	1	0

#GOOMBA
2	224	400
2	528	400
2	816	384
2	864	384
15	928	384

# MARIO
0	100	300