# id	left	top	right	bottom	texture_id
[SPRITES]
#####  FLY ###############
#IDLE
13121	243	634	265	662	0
13111	182	634	204	662	0

#WALKING RIGHT
13222	272	634	294	662	0
13223	303	634	325	662	0

#WALKING LEFT
13212	152	634	174	662	0
13213	122	634	144	662	0

#RUNNING RIGHT
13321	331	634	355	662	0
13322	362	634	386	662	0
13323	393	634	415	662	0

#RUNNING LEFT
13311	91	634	115	662	0
13312	61	634	85	662	0
13313	32	634	56	662	0

#BRACE RIGHT & LEFT 
13621	425	633	441	663	0
13611	5	633	21	663	0

#JUMP WALK RIGHT & LEFT
13417	392	754	416	782	0
13413	31	754	55	782	0

#JUMP RUN RIGHT & LEFT
13427	361	754	385	782	0
13423	61	754	85	782	0

#SIT RIGHT & LEFT 
13521	392	719	414	737	0
13511	32	719	54	737	0

#SLOW FALL
13621	362	794	384	822	0
13611	61	794	85	822	0

#FLY RIGHT
13721	331	714	355	742	0
13711	361	714	385	742	0

#FLY LEFT
13722	91	714	115	742	0
13712	61	714	85	742	0

#####  BIG ###############
#IDLE
11121	246	154	260	182	0
11111	186	154	200	182	0

#WALKING RIGHT
11222	275	154	291	182	0
11223	304	154	322	182	0

#WALKING LEFT
11212	155	154	171	182	0
11213	125	154	141	182	0

#RUNNING RIGHT
11321	334	154	356	182	0
11322	334	154	356	182	0
11323	392	154	414	182	0

#RUNNING LEFT
11311	91	154	113	182	0
11312	65	154	87	182	0
11313	34	154	56	182	0

#JUMP WALK RIGHT
11417	395	275	413	303	0
11413	35	275	53	303	0

#JUMP RUN RIGHT & LEFT
11427	394	195	414	223	0
11423	35	195	53	223	0

#SIT RIGHT & LEFT 
11521	426	239	442	257	0
11511	5	239	21	257	0

#BRACE RIGHT & LEFT 
11621	425	154	443	182	0
11611	5	154	23	182	0

#DIE
13001	215	120	235	138	0

############ SMALL ################
 #IDLE
12121	247	0	261	16	0
12111	187	0	201	16	0

#WALK RIGHT
12222	275	0	293	16	0
12223	306	0	322	16	0

#WALK LEFT
12212	155	0	171	16	0
12213	125	0	141	16	0

#RUN RIGHT
12321	275	0	291	16	0
12322	306	0	322	16	0
12323	335	0	351	16	0

#RUN LEFT
12311	155	0	171	16	0
12312	125	0	141	16	0
12313	95	0	111	16	0

#BRACE RIGHT & LEFT
12511	6	0	20	16	0
12521	426	0	440	16	0

#JUMP WALK RIGHT & LEFT 
12413	35	80	51	96	0
12417	395	80	411	96	0

#JUMP RUN RIGHT & LEFT 
12423	65	40	81	56	0
12427	365	40	381	56	0

# ani_id	sprite1_id	time1	sprite2_id	time2	...
[ANIMATIONS]
400	11121	100
401	11111	100

#WALKING RIGHT & LEFT 
500	11121	100	11222	100	11223	100
501	11111	100	11212	100	11213	100

#RUNNING RIGHT & LEFT
600	11321	40	11322	40	11323	40
601	11311	40	11312	40	11313	40

#JUMP WALK
700	11417	100
701	11413	100

#JUMP RUN
800	11427	100
801	11423	100

#SIT RIGHT & LEFT 
900	11521	100
901	11511	100

#BRACE RIGHT & LEFT 
1000	11621	100
1001	11611	100

#DIE
999	13001	100

################### SMALL #################
1100	12121	100
1102	12111	100


#WALK LEFT & RIGHT 
1200	12121	100	12222	100	12223	100
1201	12111	100	12212	100	12213	100

#RUN LEFT & RIGHT
1300	12321	40	12322	40	12323	40
1301	12311	40	12312	40	12313	40

#BRACE LEFT & RIGHT
1401	12511	100
1400	12521	100

#JUMP WALK
1500	12417	100
1501	12413	100

#JUMP RUN 
1601	12423	100
1600	12427	100

################### FLY #################
#IDLE
2100	13121	100
2101	13111	100


#WALK LEFT & RIGHT 
2200	13121	100	13222	100	13223	100
2201	13111	100	13212	100	13213	100

#RUN LEFT & RIGHT
2300	13321	40	13322	40	13323	40
2301	13311	40	13312	40	13313	40

#BRACE LEFT & RIGHT
2400	13621	100
2401	13611	100

#JUMP WALK
2500	13417	100
2501	13413	100

#JUMP RUN 
2601	13712	100	13722	100	13423	100
2600	13711	100	13721	100	13427	100

#SLOW FALL
2902	13621	100
2903	13611	100

#SIT RIGHT & LEFT 
2900	13521	100
2901	13511	100

#ATTACK RIGHT
2904	13111	100
2905	13121	100
