# id	left	top	right	bottom	texture_id
[SPRITES]
#RED
#WALK
181	28	66	44	94	10
182	47	66	63	94	10

#ATTACK
184	28	96	46	114	10
185	49	96	67	114	10
186	71	96	88	114	10

#DIE
183	71	75	89	91	10

#FLIP
#WALK
1820	261	66	277	94	11
1821	280	66	296	94	11

#GREEN
#WALK
1811	31	119	47	145	10
1812	50	118	66	146	10

#ATTACK
1814	32	149	48	165	10
1815	52	148	70	164	10
1816	74	148	90	164	10

#FLY
1817	105	129	121	157	10
1818	126	130	142	156	10
1819	147	129	163	157	10

#DIE
1813	74	127	92	143	10

#FLIP
#WALK
1822	258	118	274	146	11
1823	277	119	293	145	11

#FLY
1824	161	129	177	157	11
1825	182	130	198	156	11
1826	203	129	219	157	11

# ani_id	sprite1_id	time1	sprite2_id	time2	...
[ANIMATIONS]
#RED
1801	181	100	182	100
1802	183	100
1803	184	100	185	100	186	100
1808	1820	100	1821	100

#GREEN
1804	1811	100	1812	100
1805	1813	100
1806	1814	100	1815	100	1816	100
1807	1817	100	1818	100	1819	100
1809	1822	100	1823	100
1810	1824	100	1825	100	1826	100